21.8700
23.0400
23.0600
23.0300
23.8900
24.1900
23.0200
22.6600
22.6700
23.9000
23.8400
23.8300
21.3600
21.6500
19.5300
17.0700
16.6150
17.1800
18.4500
17.8900
17.1000
17.8000
18.4200
17.9500
18.7750
17.9600
18.9000
18.3000
19.0800
20.4600
20.3600
18.9900
19.3500
20.7100
22.5500
22.3100
22.0300
22.2200
22.7800
23.1800
23.6300
23.0700
22.7700
20.5900
20.2300
18.3900
17.2100
18.4700
20.1500
20.8100
23.2000
22.5800
24.9200
25.7600
26.7900
26.3100
27.9500
29.4200
35.5500
36.2550
37.7400
37.8700
36.5750
34.6700
35.4050
35.6250
37.2400
36.4400
37.2750
38.0000
37.2200
38.4800
37.0400
36.3400
34.4400
37.5400
38.0300
37.1700
38.5900
37.9400
35.8000
36.5900
37.7000
36.5200
39.6450
38.3400
37.6600
37.1900
34.9600
35.4200
36.3500
38.9100
40.1000
42.2300
41.1200
42.4000
41.9600
43.4000
43.6000
44.5600
45.9000
44.7100
43.5200
45.7400
44.6700
44.2000
45.8500
46.2000
46.6200
47.0800
46.4300
46.3600
47.0500
47.0600
46.4900
46.7850
46.7700
46.1350
47.9300
48.7950
50.0000
49.0400
48.9800
49.5450
49.0400
48.2300
49.1250
48.8000
50.0500
50.7750
50.7050
49.2900
50.7100
51.2600
52.6100
52.2800
50.7900
51.6100
51.3200
51.4300
49.8400
51.0700
53.0500
53.1200
53.1000
53.2100
53.2800
52.8300
52.2000
52.2000
51.6500
51.0800
52.5300
51.5900
52.7400
52.0400
52.9800
53.9300
53.3900
53.2700
54.2100
53.9000
54.8500
54.8500
53.8700
53.6400
53.6900
51.0100
53.7800
53.6800
53.6400
53.3500
52.4700
52.2700
52.1400
51.9700
51.4900
50.9700
51.0000
49.5400
48.4400
47.2600
46.6600
46.7200
47.1300
46.6300
45.9500
45.3900
45.2300
46.2300
46.9800
45.2800
45.5100
44.7900
45.2800
46.1000
46.3100
46.3800
45.2300
45.4000
46.9600
46.7400
47.3700
47.4000
46.2000
47.3400
47.9100
47.1000
48.2500
49.8500
49.1500
49.2300
48.7800
49.4700
49.3900
47.9900
47.2200
46.7500
47.1800
48.0400
47.4200
46.8200
48.1300
48.8900
48.8400
47.1800
46.5800
46.8300
46.7100
46.9700
49.1400
48.1400
49.0300
46.7600
46.4300
46.6800
45.4300
45.5600
45.0500
46.2000
47.0100
47.4000
46.8000
46.1700
45.6600
46.8700
45.5300
44.3700
44.4200
44.7500
43.4700
47.2500
45.4100
44.8500
44.4350
45.2100
43.7600
43.8600
43.5500
42.9900
42.0000
42.0700
41.0400
40.3400
41.0300
40.6000
42.6100
43.9400
43.7900
45.0000
44.6300
45.9200
47.9600
47.9200
45.6800
44.8800
45.6200
45.8800
45.3200
44.7400
46.5300
46.3500
45.8900
46.4600
45.8500
46.6500
46.6700
48.0400
47.1200
48.0700
47.6500
47.4000
47.0400
46.9300
46.4100
49.2700
48.4300
48.1800
47.8800
48.8200
48.3400
50.0200
50.5200
49.8800
51.7400
51.8600
51.7300
51.3600
50.5700
51.1200
52.9000
52.7200
54.2300
54.7900
53.3100
53.6200
52.9500
54.7900
55.2400
55.0000
53.6300
55.0900
53.5600
52.7880
58.2600
59.7400
61.5600
58.3400
59.9400
61.8200
60.9900
59.7000
60.0600
60.0700
57.5500
59.4100
59.7000
60.5100
57.8400
58.2500
56.0000
56.0600
55.4400
54.5600
53.5900
54.8900
56.5200
57.2100
55.8400
55.8800
55.5480
54.4700
54.0400
54.4300
53.5000
53.1700
52.3500
52.9600
53.4900
53.3900
51.7000
50.1200
49.8800
49.6000
49.9200
49.1100
48.9900
48.2100
48.0300
47.0800
46.6800
46.5300
46.7400
46.3000
45.2100
45.5500
45.5000
44.6500
43.5700
45.0000
44.5000
45.3000
45.1800
44.9100
45.0200
46.1600
46.1100
46.2400
46.1200
47.5100
47.9100
47.8800
47.1200
45.6100
45.5200
45.3100
44.7700
45.4700
45.1700
47.4400
47.0100
47.2700
46.0000
45.1700
44.9800
45.1000
46.3900
46.7500
45.7600
46.2900
45.2200
44.7800
43.5900
43.1400
42.3700
42.5200
42.8300
42.4100
43.0100
42.3900
43.4900
44.1300
46.6300
47.7600
47.2200
45.4600
46.3900
45.2300
45.4100
46.3700
46.7200
45.8900
45.7600
47.2000
47.2800
46.8600
48.5200
48.8400
49.3200
47.8900
48.9600
47.9600
49.1800
49.2100
49.4000
48.3600
46.9400
47.2600
46.4100
46.8600
46.6400
46.7600
46.1600
43.3500
42.6000
41.7400
41.2600
42.9100
42.7000
42.4600
42.8200
42.9800
42.8400
42.5500
41.7500
42.6900
42.8500
44.4000
43.9300
47.9300
47.7900
48.6800
47.5700
47.6100
46.5600
45.7300
46.7900
48.0200
47.7600
47.5800
47.2800
47.2500
46.5600
47.3100
47.2500
47.2900
46.9500
47.7500
49.9800
50.0000
49.2400
48.8000
49.1800
49.7400
49.7000
49.0800
49.2100
48.0300
48.5000
48.6800
48.7500
48.1400
49.9600
50.6200
49.4200
49.1100
50.7300
50.1100
50.7000
50.9000
50.7300
50.4800
51.6900
51.7800
52.3500
52.2500
52.5900
53.5000
53.0200
53.3000
54.0000
52.9400
53.0000
50.2100
50.2100
50.7900
49.7800
49.4700
48.4900
48.2100
46.9500
46.6400
46.2700
46.2800
46.4300
46.6700
46.6700
46.5106
46.5400
45.3200
44.1000
44.6000
44.5600
44.4800
44.7300
45.1100
44.5800
44.7100
43.5900
42.6300
41.9400
43.3600
43.2900
43.2400
44.4300
45.0900
45.3500
44.5000
44.8200
44.9400
44.7600
45.2100
46.0600
46.2500
47.8300
47.1100
46.9700
47.8000
46.1000
46.2800
46.4300
46.1600
46.2100
46.7100
46.1200
47.9000
49.6100
48.3200
46.8100
47.6811
46.0400
45.6700
45.9500
44.2900
45.1000
46.4800
47.3700
48.3700
49.4600
47.7700
45.5100
45.5900
46.4700
44.7700
45.1400
44.2800
45.1400
45.8200
45.0600
46.9900
46.8100
47.8900
47.6200
46.0300
47.2100
47.9600
48.4800
47.6000
47.1200
47.8400
49.2900
49.7400
46.9800
46.5100
46.7900
46.0000
46.2400
44.8400
43.2000
42.8200
42.9400
42.2900
42.8000
43.0100
42.2900
42.3300
41.8800
42.9100
43.1900
44.0800
44.9300
45.2900
44.2500
44.4000
43.9600
44.6800
44.2500
43.6100
42.2300
40.6800
40.1100
39.5600
41.6600
41.7200
42.9300
42.5300
41.2100
39.9400
40.7600
41.8100
42.3900
42.9900
42.8500
42.0000
39.4500
38.4100
36.6700
37.4900
36.9400
37.6200
38.3500
39.4100
39.3200
36.4900
36.6200
33.3200
33.4300
33.4800
33.4100
34.7800
33.9200
36.0100
37.2600
37.1000
38.8900
38.6900
38.6900
39.1000
37.9200
38.8800
39.4000
39.5900
37.2300
36.1800
36.5100
38.6900
39.3600
42.1200
40.2700
40.1900
41.0300
41.2100
41.7700
40.3600
40.2600
41.2700
41.0400
41.0100
41.1900
41.6100
42.0100
44.2600
44.9800
45.2500
46.7300
48.8700
50.1900
50.2700
50.2100
49.0300
47.6100
45.7600
45.6500
46.2400
46.6700
47.1300
47.5800
46.5100
47.5400
48.3300
46.3400
47.0300
49.4400
49.2900
48.5900
49.9500
49.3800
48.7600
49.9900
50.8400
51.9100
52.4200
51.5300
49.7600
51.3300
52.4600
53.5100
53.5400
51.3800
51.0900
52.3100
50.6400
50.5500
50.2200
50.5600
48.6900
49.4500
51.4700
53.0200
51.0400
52.2000
52.3800
52.7800
52.0100
51.6400
52.8500
52.1200
51.3900
50.3500
50.4400
49.7100
49.1800
50.2000
51.0300
51.7800
51.2900
49.8900
48.1350
48.6600
47.9900
48.0600
49.4300
49.3200
49.7500
48.3200
48.4800
46.7600
45.9300
46.0300
44.0400
44.1500
45.2200
46.0200
46.5100
45.7500
45.8800
46.2100
45.7400
45.0400
43.5000
43.8100
43.2800
44.4500
43.9800
44.2900
44.4800
44.5800
41.8900
43.0400
41.5600
41.2500
43.7100
44.6600
50.5500
48.6500
51.2800
53.9300
52.8000
52.8200
53.3500
54.3400
50.0000
49.1100
45.2900
45.5600
47.5900
46.7100
47.7100
47.9400
49.7200
50.4300
49.1400
48.0400
47.7700
46.4900
49.2000
47.6200
45.5400
45.6300
44.3200
42.5300
44.3400
46.8800
45.6800
41.9900
41.2200
43.2400
41.2600
40.2000
41.2400
41.9300
40.5100
41.1800
38.6900
38.4900
38.0500
38.2300
35.5600
36.8900
36.6100
34.4100
32.2400
34.2250
36.2400
36.5800
40.4300
39.3500
39.3100
41.3300
43.0100
44.3800
46.3200
46.2500
46.3600
43.8100
42.5400
42.4600
42.4300
44.0300
45.3900
42.4100
42.2300
44.2700
45.9500
47.1100
47.2800
43.3700
41.8900
43.7100
42.4600
39.8000
41.3500
42.8650
47.1400
47.2100
49.3400
47.3400
47.4100
43.5600
43.4400
41.5300
45.0100
47.5500
52.0100
51.9500
52.8750
51.7700
52.1900
53.4500
55.8500
56.8200
56.7700
55.7200
55.5800
56.2400
55.1400
55.9300
52.2000
52.7300
51.9400
51.9300
53.9400
54.6200
53.8600
53.8900
52.3800
51.5400
51.7200
50.0800
46.5300
46.1400
46.4500
46.4300
46.5600
43.6200
42.9800
43.3600
42.1800
43.9800
43.2400
45.8200
47.0000
45.3200
45.5200
45.9700
47.3000
47.0800
46.4400
49.1500
48.1300
48.1600
47.7000
46.1100
44.4100
46.1400
45.9600
46.3700
44.2100
44.2400
45.7900
46.1200
46.6800
48.8700
49.4800
41.1000
39.2700
39.5700
41.8600
44.8100
45.9300
44.6400
44.6900
45.9100
45.3200
45.6600
44.6000
43.5400
42.6300
43.3400
42.0500
43.2200
43.2600
45.5400
46.3500
47.0200
46.9700
47.9100
48.4500
47.8200
47.5950
48.2000
46.9000
45.7100
45.9800
44.6700
44.9000
45.3200
45.6400
44.8000
44.5500
42.3900
41.1200
41.6600
41.1100
40.8400
42.0000
42.2150
43.4500
42.6700
43.6600
42.6100
42.6100
45.3600
45.4600
42.6800
42.9300
41.7500
41.8200
41.9500
42.0000
40.4100
40.7300
40.1200
39.3300
38.2700
39.4100
39.1800
39.4800
39.2900
39.7800
39.5200
39.9500
37.6600
36.7700
36.8100
34.0800
34.9700
34.7800
35.0700